&SAVED_PARAMETERS 
first_order_only = F,
ilogging = 2,
atomic_data_dir = '../../tables',
xmax =  1.2342710328e20, 
ymax =  1.2342710328e20, 
zmax =  1.2342710328e20, 
time_save_interval =  3.15576e11, 
nsave_total_run = 10,
nxg = 128, nyg = 128, nzg = 128, 
i0 = 64, j0 = 64, k0 = 64, 
qh0 = 4.e46, 
tstar = 4.0e+04, 
initial%n = 100.0,
initial%x = 0.01,
initial%t = 11.0,
initial%b = 4e-6 0.0 0.0,
/	   
