&SAVED_PARAMETERS 
first_order_only = F,
ilogging = 2,
atomic_data_dir = '../../tables',
xmax =  6.171355164e19, 
ymax =  6.171355164e19, 
zmax =  6.171355164e19, 
time_save_interval =  3.15576e10, 
nsave_total_run = 10, 
nxg = 60, nyg = 60, nzg = 60,
i0 = 30, j0 = 30, k0 = 30, 
qh0 = 4.e46, 
tstar = 4.0e+04, 
initial%n = 100.0,
initial%x = 0.01,
initial%t = 11.0,
initial%b = 4e-6 0.0 0.0,
/	   
